248497
248894
170995
294062
209848
200667
218621
242780
93336
178380
201649
160120
221200
222144
171106
229935
201091
186629
195019
206602
212433
250259
198413
229753
141254
241931
267016
199000
173194
136722
194510
176337
242211
246384
242735
249925
207524
191191
200228
190179
234478
247299
201100
133991
206860
196467
221189
269379
219381
169608
191848
110020
220466
258875
178553
185799
191182
214464
233536
227446
230414
245079
129939
242247
135883
150333
170452
216766
192013
245448
254529
200656
162276
212921
264545
185951
215997
211664
179940
178714
129253
164090
241541
232758
156079
186560
205849
162437
164793
190210
222072
238305
165069
217816
168836
232618
245887
187987
159830
195860
124149
181076
226086
201383
197164
168462
200192
229813
172976
253193
244225
215956
177331
244070
174361
228372
154301
188332
239539
223837
146460
157045
208893
211024
188406
181277
174822
132461
239532
196257
220214
223399
156461
193853
200099
181934
156795
153656
42171
258369
249811
80300
186829
205415
121125
140283
241487
222879
134495
194588
203806
178476
217962
179720
151415
118582
181012
183761
181887
216652
167814
254503
218301
160488
194631
135816
144612
201401
177736
158046
242820
202679
197771
248761
199415
236001
193848
125865
184318
163512
181057
153757
179892
226362
273556
89278
207036
173908
150652
191153
220980
165796
201696
180401
126593
195666
234827
169180
158337
147724
227904
201356
286237
162220
209941
232301
172474
188799
249336
166218
217368
145821
200665
167091
278498
205496
218804
177139
228653
199069
247173
178968
147349
123540
194716
176263
136963
117145
185333
211595
149821
125799
170040
252936
287308
208705
114607
135769
160666
225780
183946
209728
218208
311533
181903
169907
214491
238924
228407
170667
213997
163647
181303
226741
196721
248254
194991
236198
278017
199108
191217
280722
177787
275506
204354
217484
216474
177397
161993
205297
236224
209572
266576
244981
257035
152604
199777
217051
245291
189171
155615
234852
201264
112098
177329
224749
207147
241002
183693
269418
166488
185737
199714
144313
212529
223701
245097
284405
181221
215728
241322
207436
246378
162475
219211
167064
162859
222653
164866
245377
240582
158014
219890
175042
162295
188083
194534
285548
171784
227805
222379
154716
182559
198055
144702
150571
193792
155497
167260
131611
109180
279136
181225
292190
229388
183263
184741
265626
196291
123963
261518
174711
242033
178933
198716
253317
206454
215345
252239
167574
199054
229136
208377
222538
207810
254659
150538
191004
201330
201039
145340
185619
179230
207794
165850
147830
250407
204902
190262
213233
195900
276481
212852
190951
166615
197284
209893
173848
178349
173029
194355
199631
250019
144504
130206
113548
206691
150252
212314
171759
209486
186555
109301
165959
167594
238599
148307
179924
235633
149309
215982
158760
208709
261881
219990
162808
188854
198261
234867
210058
277219
215631
147308
212076
188976
219889
180124
185963
187384
208683
204213
183220
193041
283368
195680
211976
173254
159045
198443
198887
243016
199327
246250
196762
236783
212283
130612
243237
236801
215552
217198
235637
183795
130870
190349
208807
168401
222577
162416
269210
134498
149653
259613
140967
222151
255410
153113
185436
201999
197419
132078
169759
253465
197822
163651
226634
204304
201694
204518
253191
169472
160609
117212
217888
184824
167330
147335
225791
192506
213223
172190
206437
237329
148532
191865
182757
200737
194679
210529
172095
182895
247831
181435
244432
206933
292846
162830
221873
193474
120461
257599
157065
228401
186940
213038
119024
183712
220475
102418
265686
167937
183681
276145
186021
175878
119012
207715
180510
160618
190522
257854
176309
221577
193368
169560
136955
115916
180128
217307
236752
175873
266922
238013
232365
234104
175138
191410
261983
192246
152143
189367
204906
239796
256444
230347
119010
305614
207627
239944
174266
206187
150574
180795
184304
207936
151208
229348
274096
252460
200209
256272
195926
256052
200871
182973
175202
227107
190669
185644
174961
138497
106312
188368
211467
234873
136694
138816
149542
177091
236267
199034
184342
148399
120044
192497
149258
179770
246232
243291
199289
237992
173891
275855
202141
241593
167345
176662
246771
207644
202722
164787
235841
240337
182356
213597
216230
253404
206191
272032
237435
217783
229013
226229
181474
258498
161872
190091
272919
139111
222641
182073
214413
220805
175130
202091
174884
283419
145063
244932
199408
180000
170896
179648
215781
200054
192347
226035
169004
214992
219881
205103
223841
238744
232973
176622
166246
151132
245982
149632
149124
212248
168795
219180
254765
220562
186237
238213
241663
231430
220564
247003
152535
176434
210988
123671
192430
118997
256267
243727
229311
153246
109587
130671
163252
298910
244198
178456
206414
182070
159946
137874
256164
171475
190127
152802
204426
226192
136309
111727
185830
226027
187096
87021
142127
208665
272261
237581
192151
216935
163142
199704
290268
275030
173382
199048
222941
174613
286242
260137
208771
256607
233375
234709
229600
167846
257721
153699
196536
144682
209376
266358
259792
235174
145223
181351
230546
243902
168719
229501
168590
160542
225039
197488
174971
260076
253628
169531
164244
188823
160523
115496
164863
258871
184990
137223
225865
163342
148634
179790
194753
248755
187646
184447
273609
173700
215957
243817
231194
105222
136813
170481
205090
179841
196863
235439
197247
235277
215991
240024
203796
222282
183719
207592
141543
168260
153255
163559
136079
287161
221753
211877
229757
94975
238348
208833
100378
205996
227022
180396
161745
177611
263355
216321
215146
230760
190359
274222
211287
158844
278327
153916
222344
216818
173107
153148
154334
184324
206753
185457
181625
203014
203262
226190
82999
166262
218898
190618
174282
178100
203318
261589
244787
223280
206946
248017
154615
236384
201659
216426
247164
214795
161203
209084
192174
87538
201899
143545
151257
154072
223521
187653
248615
248535
260366
250842
208386
180125
184839
258307
200969
144030
185966
178962
154974
215377
226233
287311
217072
215559
198911
227436
220265
196559
176548
123458
197228
180785
256575
187218
218409
160832
192552
260156
185051
253713
151487
181828
186303
175730
218603
204554
219714
129495
180411
173173
205930
142463
172025
176617
183212
217669
195545
150321
222406
214209
186880
105317
201538
145635
294806
219969
202983
114090
119785
187685
244661
236850
245860
174284
192082
241379
171638
195594
208857
193140
207899
190944
250008
229801
224827
199791
199613
233171
181015
245038
263298
201864
261208
260685
186491
180795
241826
186871
176443
201541
179320
202040
208458
200641
218159
237980
276518
192076
189394
215606
185097
196958
148329
255381
164303
136805
196265
245975
198139
110654
243423
233846
222834
207291
224565
258252
199867
149933
215769
212460
218147
168471
179248
210690
167632
216868
183614
198883
243414
222731
217979
215906
210060
178592
162677
279330
174858
169158
212037
207682
173398
224805
201514
150793
159833
281884
161348
184035
282000
237604
261937
259783
226604
129178
182438
263388
193952
214245
148805
296956
169014
220555
171856
200745
216855
214729
189591
209472
226451
223469
169935
299581
158948
169006
189791
214367
162597
249466
182964
244808
187913
229029
234973
127594
191483
192334
261830
245281
193520
140130
159166
77425
223130
252098
211478
280304
216601
128203
228706
189335
175020
161767
150532
223628
224607
238553
245427
212806
210080
187889
232040
230426
188494
229221
208616
241728
218016
160691
246113
186221
178451
219716
183948
192302
226366
193281
269090
223997
215346
149074
181482
119698
199589
173087
193083
104179
129148
208510
246934
186041
234875
205951
218372
182200
210570
275278
184364
162020
180713
183048
190976
273468
266235
157659
247241
115172
237290
172480
148650
221979
193151
192898
158940
190719
252541
181557
123836
174628
200275
122755
163236
201395
207601
227530
220553
177003
215113
223668
145705
236583
234381
212463
194267
191780
115842
153795
179311
204506
212227
190239
182316
164374
197843
181820
230805
212225
249920
277251
262762
234005
204991
220107
214798
264667
116421
232047
246754
197996
108768
207206
145013
248730
202451
214876
152170
149339
107726
126820
152421
205976
223899
168058
181120
211346
157532
157500
234869
246574
200938
193675
185066
202486
162405
276001
191064
165450
252481
161480
236060
237407
239415
153671
145170
213203
179312
149496
276681
219284
207116
202889
196651
144528
207898
154176
165996
216609
206037
193332
232572
189225
219570
164401
202494
236542
265994
240277
160991
238072
207740
189934
203597
275619
202640
163717
181689
166064
173384
174031
153358
218921
223091
214251
172118
281575
179377
187869
219212
153441
189189
244627
235359
229078
255798
202065
233137
216125
188579
165974
219147
219878
155469
198254
148056
225361
199361
203331
222448
204144
227510
144048
161101
210782
188535
138977
137781
188085
161885
172392
208544
277917
152845
117717
157980
255024
172163
184990
219020
248294
237385
238749
150074
172845
104430
215418
201730
197194
211817
141317
169224
213801
159847
243746
222335
202432
211445
244278
224704
222632
293772
266455
168084
213290
249206
209497
203650
213147
120889
193878
231889
138010
278527
182803
249269
201356
263570
88953
235641
225443
243179
206780
166645
209335
226487
297771
201099
209887
137322
182209
238247
191164
131031
224406
159280
199042
215647
185520
207524
183504
213926
206205
156249
187668
247922
152938
236036
197183
199875
111246
172207
257004
220372
69704
262548
256372
255374
190212
257698
268379
171850
224162
247209
102776
171636
118940
231737
268019
242490
208719
268465
158100
203783
206560
167678
238184
145109
241072
202293
213208
147297
222305
222164
183756
215998
174432
260619
254241
177101
157077
168437
261048
147787
264777
242773
123243
185581
139037
209664
167945
143182
178373
224566
189727
242999
229731
301435
245993
200457
231947
186963
180385
281486
258604
246730
183160
181726
233924
190057
223064
127019
227006
203211
164862
178639
120527
152799
279159
168708
229834
205332
208831
177491
113744
206998
177997
243642
175020
203746
257354
138740
185125
247234
247832
181532
245973
258439
167824
243820
158185
228823
195615
196955
189582
207789
199393
224339
224003
168387
248993
276992
122229
260549
215329
203196
140333
228393
219921
232844
222992
221418
137814
153243
174646
212147
214697
215691
205382
206176
233116
162360
188594
97416
132790
190881
154926
239569
212021
235380
242097
171199
241954
160524
199000
246153
157493
170885
200047
211726
266482
206553
199498
141208
161293
246613
255561
187367
150927
107370
182270
216795
207070
314222
204059
164193
234668
146394
248408
148405
283998
203314
215402
311108
171675
196493
192871
216529
140897
282750
153142
268334
200608
279942
166547
176397
211905
249032
159570
213763
151698
186155
243586
187732
231777
178139
168443
207374
253726
146517
216477
252949
205058
152455
192889
131088
282290
69755
195116
217016
84776
227715
215508
174212
195421
228920
222447
185738
131838
156704
173091
221288
164436
203912
171943
217826
265270
144678
219380
224319
195882
207099
154228
214800
222797
147475
192829
206729
272493
198830
138764
166700
215806
173493
208691
193030
185878
209531
242440
173245
231252
197133
146930
156960
289727
202166
258483
148159
189650
151609
234098
160514
165327
217651
200964
223383
147092
189951
206406
146744
199734
193470
244774
246115
189184
161375
216166
209265
244745
230087
142751
195468
188418
221060
233817
170144
147157
196778
145363
215568
246338
159266
247629
172121
138343
137948
113495
201057
253970
237780
229925
157090
220487
219064
146245
177608
290078
235867
270556
228459
209585
182954
196157
224400
244675
210241
186522
168502
198227
144622
163200
190846
171273
189670
233059
195866
218075
159669
156090
182682
145844
163648
235870
191634
181645
193152
197916
247174
215198
136745
168076
151553
239372
180917
209160
94932
229819
206004
238978
177022
216872
232040
178489
166094
248245
202160
152309
164096
178074
194815
180632
124566
230654
196187
226278
184489
251929
141910
287796
117981
195230
165002
235665
258025
185745
231993
210644
220981
152157
220873
220046
225118
113446
244221
141252
203165
200628
199576
182861
219964
194040
273493
174965
149918
156980
127337
130226
201413
163020
214216
213423
204471
184139
249551
159340
212293
164495
208209
177073
197904
203195
228141
273546
217909
231242
240794
159338
187223
139362
140204
189857
213642
164988
183671
199295
211219
187394
224796
199171
192909
193327
199018
224170
228946
189770
208186
181707
247919
176353
254283
220026
224405
128285
215639
209686
213607
181842
185609
152488
199987
241403
222753
201614
209350
143501
193461
179437
184686
184032
263771
172446
253048
202046
101706
126083
158631
181316
219447
221544
102796
193310
170299
222501
169117
237223
170727
227723
195105
205969
227825
174362
233708
132117
215648
179713
196949
216789
183744
123641
175575
259921
141133
184935
190697
163723
178002
165811
243371
171665
248224
317899
175324
188738
218693
147136
235588
205650
236420
205543
215784
223845
251411
194918
176843
169425
218123
221977
222765
133511
211425
149780
234448
223655
161596
198957
184059
198468
247316
254886
161799
216292
253981
169129
212409
201178
188503
173454
202178
160526
171339
179227
208559
201562
207179
221572
218620
179261
170921
139507
276604
262611
225744
208896
159752
146218
246764
202702
147739
172216
225475
149798
159806
130183
290806
242016
164861
201115
154098
210390
190008
238404
200692
181344
207622
47364
200975
180632
268186
179061
174483
167402
138637
201865
228634
185191
255358
241981
135400
264646
254946
139813
168375
204543
222528
270366
253464
170381
145810
223607
157414
307829
209685
176116
268548
226677
181495
189242
281676
215515
241223
182996
183857
235719
208981
203957
146019
218686
182639
162670
182206
157697
220162
218856
165714
212720
198442
204968
194473
305851
149409
156163
215309
184731
188528
270711
112966
163757
208022
147213
182111
163557
218784
204193
140287
227440
236243
114443
120289
201108
212656
232839
229780
240598
192403
223436
201978
308956
163644
191067
194348
236191
184611
132957
203717
265723
188599
173313
231708
140621
230679
144846
208887
232564
188428
160334
224547
216219
174266
242594
263090
99971
233024
264690
213997
185991
194426
169153
168856
236703
237715
136244
185543
197033
160299
187492
194131
201587
130390
251609
198475
252181
174357
158223
286924
178601
274518
228648
196954
168525
244593
162229
238288
249829
167899
175589
194289
227155
231609
236733
163372
282228
120565
321025
202182
189997
204561
214615
189492
252426
208052
165905
272918
167369
230288
223980
189099
182281
188623
164444
204062
201840
190421
200554
222180
235213
215886
139808
181203
200991
100614
258074
273282
216501
233000
164244
222621
184383
184490
253345
230434
206203
273030
174479
177104
134176
115249
225098
97038
214574
218111
187273
261561
213405
310797
195281
180269
150068
245407
227010
227581
228083
232443
243144
145366
223281
182615
250941
120328
180882
224130
202969
202549
117277
217565
207489
235140
309039
160321
231256
130038
180218
144252
161711
177911
229188
262285
152639
158917
200073
161630
211185
178596
216966
185755
181773
172557
223662
206250
220496
187296
104175
179313
248547
230680
262575
162887
167867
233861
207503
136934
155670
166867
197950
177531
270498
214084
223823
157260
178694
180006
238156
134124
226312
219516
154618
190762
233819
173257
141595
123248
122187
207426
122292
217184
230734
263282
190684
269785
143723
209067
198441
144062
242103
143956
215834
206068
243527
146938
185833
220013
206864
131044
123212
171571
145577
243129
135522
263179
131086
205542
245341
249172
229255
207819
217473
181329
262861
196170
197637
251827
264382
165460
262577
201978
182117
197866
175192
216118
181925
174009
164988
248161
189921
160742
187654
214057
178602
221049
223373
243032
188885
139784
253156
148623
157964
285465
194517
192595
195708
202487
215263
126477
195425
175433
190235
212542
219927
265547
180931
252585
169244
182190
155444
179856
235454
228754
148222
242170
187095
179378
120059
191464
167929
164616
250200
196240
281573
220875
189851
175734
133847
180000
217293
225564
246314
268122
237323
170548
235214
171209
163287
176485
203230
221790
171859
204323
185105
193313
174671
197232
143797
250525
174806
143850
269270
237515
213087
298852
199212
235812
112077
281816
149483
169531
210333
152851
195599
138292
196765
207532
220565
255914
155649
246561
215605
188754
161121
148278
149596
193666
181408
171657
266438
204197
224229
204288
169422
182295
243320
157382
128126
214241
204498
186035
252656
213652
201733
218007
216711
143533
206493
186588
147616
198960
203805
112061
278348
293731
232241
257311
240794
256817
215059
222628
180703
234915
236205
198427
213533
195748
244802
224192
256410
211386
210021
121173
148430
244856
119521
111859
222817
246093
152757
181122
261018
159235
236886
240293
136453
225906
184888
259626
136755
248892
161135
174552
232781
225302
212823
123617
190347
144586
225487
176455
251053
167112
247077
230528
134497
197630
152188
158537
165244
157868
228524
188355
244647
230569
186885
201598
214385
193475
154807
188310
197804
191984
281485
226518
273370
165967
257154
221774
277574
159117
217887
149711
154882
212071
128528
165627
169686
204998
158693
228081
205573
187177
145188
247887
218340
218679
173510
162111
220464
190648
206080
187773
127108
209963
124880
192014
209225
204680
223284
282570
159914
245003
326108
278423
236062
143790
226818
168491
221193
214793
245422
210893
151395
232550
220008
242218
234366
165684
214628
225873
242509
223196
252209
132144
259801
196413
143503
177370
125560
221604
267623
201434
203819
235875
200923
267167
143419
173699
200387
193803
166930
266810
189982
136081
208517
230814
260882
169810
222749
229653
186954
181589
200916
192814
200708
226892
165867
178447
124410
197042
188614
168219
184102
164788
165987
200393
168956
196810
239454
177387
226500
211295
235028
169304
207301
292354
209772
199473
193053
241710
207765
202363
154196
244847
119312
235658
242242
205052
259975
323331
250397
213442
216119
183983
230896
184107
151451
255604
184718
212026
240904
200833
197326
118923
216890
241255
212994
159787
207014
242275
226822
232340
207890
199803
178296
178661
183803
268808
170573
175659
96646
180625
241138
199622
206282
218151
142957
182285
198791
151389
187744
133657
216941
252118
196952
200343
175666
204688
167432
193941
234544
225697
143374
178245
255328
159393
211473
230906
210796
158033
186088
250492
180600
218525
231478
129279
224034
193478
214248
248687
264665
276905
215034
328873
251485
238353
255249
241533
220449
197988
176838
243366
173251
214680
245270
147322
244663
142576
174381
208521
182225
226077
202314
172375
230494
180610
156437
191055
200834
260663
200081
223008
252859
203994
294927
217283
157324
173690
224080
251366
191801
194376
130586
285386
131740
179653
246777
186798
200774
243955
218980
130224
209993
180536
197240
219986
211877
97892
162805
169835
209186
162175
225679
202226
279133
199278
291858
229231
120139
184498
202278
179643
192360
116428
107301
197433
257345
158871
254769
128414
190709
155083
214263
176452
184979
141687
183549
146003
217401
180924
152382
245536
180936
254449
204168
195341
130955
208989
159859
171410
269922
179209
209340
204164
226475
299752
136007
213640
173055
219584
213322
302409
164533
196971
179293
174007
202545
179683
182539
212830
190675
221472
127211
228716
235070
106337
200711
215694
203478
233758
248874
156388
159905
206582
150340
185411
207714
138050
246934
154279
180775
244476
182480
201290
154489
226693
188290
218724
220199
186311
225671
165531
185207
138276
281854
189005
184737
115447
194616
241655
203909
199787
209974
238351
222238
152796
201042
199769
167878
170850
260747
150997
165878
166651
194662
185665
210406
191927
189850
192462
236369
208245
214815
211875
244254
220503
180674
224093
190022
221936
214928
207391
232610
186731
204871
280232
191507
225839
172412
176876
156507
221638
194199
196361
110855
306472
216234
213159
267442
146992
212927
191175
228475
194850
261679
162134
222518
204302
155709
210681
287038
163996
222436
128287
127035
209579
148113
154818
201209
172288
236805
226439
221933
224874
158752
197990
222392
208844
175755
189406
179164
149944
174589
210119
203176
167995
99447
269571
216528
180340
211461
237463
237856
290979
57950
172298
211283
181159
162996
218981
185130
218728
188215
179028
177144
173575
165764
250947
159103
194223
190023
166381
191421
175636
177676
143983
75456
257423
313574
268823
172045
185515
191965
282034
200545
156551
206099
165553
268375
192588
226299
236835
174861
198389
288334
174232
131203
144168
162657
277088
217519
155556
176604
179404
118363
191072
195051
214965
214488
236301
159249
215289
170063
233964
252910
294214
255557
213903
226296
186461
157368
116336
213601
175798
151338
187432
163794
266161
208560
222785
248140
159706
202188
245609
262068
191364
221027
247101
269434
207851
233219
231792
233408
191362
211401
185266
218705
222832
187778
114584
217230
201739
150038
201055
200487
214962
162813
284326
233222
175750
210190
201857
200676
270624
185139
178963
170767
211717
228611
194252
164442
250641
249362
181564
146005
168456
188702
167254
173153
227654
190236
200538
134447
184354
234497
176453
233927
214105
230398
151110
189229
197770
144833
224830
260140
245059
161742
215043
230233
180072
196898
158690
158582
305958
250486
127543
265755
235799
219913
191133
227977
186449
214595
210852
265431
213736
193015
208359
227689
201476
193285
228226
216045
203029
162559
207786
160730
247866
148364
222215
255404
172736
228167
221252
241186
197224
202731
141489
151281
223985
263715
113024
204331
258557
248592
218142
198060
185042
271651
202455
130879
122818
230914
157408
171127
199384
170971
145813
252385
213981
224520
224246
203844
220012
247896
180636
142833
226707
226042
179649
242067
186024
173167
266141
161629
196174
260757
238409
182774
255831
257170
213049
204354
260788
208906
196094
255890
205189
153175
320381
229353
197910
207619
217005
227988
162388
127583
181880
158352
193085
212159
268151
169155
215508
183070
158965
202967
164727
211387
237778
174454
178098
147589
218474
209578
205173
221343
149600
165627
185077
145193
222354
267287
183846
213591
166882
222450
169602
183840
165065
258023
183493
164167
216743
294435
280729
216153
279176
152132
281853
191724
172988
177256
178782
227438
223356
220345
183655
210732
224885
246976
170041
201400
281236
260863
85106
136270
242339
287198
127714
201152
214779
169320
195317
263563
183908
203321
220827
203984
200761
170275
172633
225920
191268
201926
157797
214740
216574
189646
218721
269575
178866
230898
147653
175184
252446
182977
206044
184793
186695
146546
179392
114792
220176
265122
220417
257552
163753
284786
245943
197644
214067
287567
192004
138452
208102
190194
192147
222961
219542
209477
239325
148564
171366
254551
180068
180300
148692
217495
206363
186302
216605
192882
223290
223456
186064
179758
198398
207129
199944
202467
209163
182067
219687
191709
199323
267493
144880
260899
153441
213958
175840
227009
162132
108864
207847
106442
217278
242382
150280
177560
232795
236131
127688
167236
179609
227164
277192
179323
173913
205364
245765
200834
215890
166719
213010
237812
200892
216290
212058
148015
164189
222907
163542
198144
100151
282847
186976
242819
204832
236275
168962
189108
142283
226844
223879
195957
229964
219005
158538
219317
184219
159195
195426
235710
230761
172648
239113
204801
109719
172595
174284
228467
173580
163034
153788
189243
209953
155726
247368
249694
182776
178693
246909
232648
239843
188140
201987
161893
239511
205946
245471
262544
156808
162571
161616
174955
276086
246961
243367
251683
133925
174208
212627
208707
215456
147704
236336
255559
149045
189275
188047
181619
206965
215227
210653
125803
200484
223931
238757
136962
188034
168818
241690
204411
166246
191869
208190
237413
194001
173687
232914
218823
113130
244924
173342
172779
235263
163038
189018
238823
186963
218364
215971
167438
225991
160648
173547
198846
180179
252606
208414
226589
193392
260255
219066
188736
163543
261598
188096
242452
191919
207096
197325
241504
210985
193051
156055
187521
175558
128992
187755
149854
183345
231599
156937
215509
161350
231283
141175
239286
288615
171763
207137
221911
207753
185128
271535
169041
165609
174347
199574
197027
198907
191131
184752
230608
206942
192702
186646
145069
239961
200798
194508
225766
267877
153041
165746
152510
152530
139243
199505
116096
148072
234536
156463
208839
218719
170092
163267
190660
207136
229893
172458
255637
157254
275682
215017
243245
244603
210851
218280
254386
193970
244760
91234
179459
185162
225677
167193
149596
248246
90311
220367
205663
220681
233768
197137
200138
155714
168724
194818
184931
185693
169124
114257
226147
200879
177836
99921
155441
238926
191739
285205
167032
221715
246978
215871
121877
164565
175112
165761
247616
178514
155836
197558
233833
245170
207306
211299
182530
168137
157260
177065
213582
217169
150389
180237
220910
215630
216914
220025
215207
182832
241540
195507
202923
259100
232781
219303
232148
183980
186356
242664
145646
95568
190385
185018
180390
252986
230982
195187
216043
137401
234444
176968
251989
224475
191294
159616
185689
208246
198187
199359
252070
215439
218639
200361
163723
177392
166836
167997
175443
228566
115535
170466
151671
225656
140526
194821
202713
133096
186696
158641
165273
98782
184323
146725
259709
217501
175586
219320
221128
195077
194715
158728
161641
208719
195050
141290
158692
283055
240908
243610
176301
266362
211605
172630
209631
247884
136632
229213
212868
200355
210510
203928
222339
149489
168967
162873
242932
169852
153515
207300
252590
186303
273672
275124
225172
190184
200611
260173
228034
210603
173431
181902
135087
180477
188632
148816
211408
85036
147452
198624
254508
171134
171910
147990
150616
221936
174861
186375
131070
165248
248950
221013
185268
210743
215654
182320
163867
116905
201367
168404
116526
154833
201128
300222
150128
183665
200987
290860
213808
189724
217956
150247
227756
160929
178125
227621
198177
213138
225271
197244
217743
187473
180269
160434
208085
214809
177957
274627
280315
222383
203705
219670
235374
256644
189658
253611
215061
244375
276960
196118
136643
196337
240825
257266
228369
142421
223639
167311
242189
189132
206980
241160
175970
162079
188155
183330
136986
175787
214998
186909
188407
172677
219558
239412
287617
206156
185964
165102
218887
205793
211756
240739
189726
178273
198055
181343
262878
166876
216424
202648
174571
141131
167931
187929
205112
258807
156212
174515
218752
169226
180392
222971
291642
168284
201345
237076
181018
180090
171281
236753
194388
274425
232676
225449
187247
260496
95081
175690
222240
279659
193882
102818
190663
239642
140084
301144
169687
124222
158733
210639
179891
140239
234621
208912
241966
194224
201961
200867
217321
236949
216593
232097
182937
190859
166705
137466
191269
184340
260633
178654
135001
220868
267322
224960
279288
181131
183410
148620
212011
209012
200558
176759
201895
203302
221651
270494
230898
194303
162954
232392
166628
185270
142510
209246
179829
241516
197172
227876
153703
159584
177705
177644
174347
202963
213307
226202
216102
244503
243697
192337
229446
190309
162004
200050
168621
179525
166159
216181
134479
170396
153012
160870
224606
227271
121154
236772
161638
209078
219688
134784
131949
174217
197160
234077
144802
256293
158539
201544
196628
280110
178287
261098
211799
174566
250492
275343
164635
142287
170736
201082
185050
164652
211354
219730
249790
177989
267123
208614
168358
135906
181962
205249
166543
218351
211496
173125
166115
151952
192363
193033
215543
208243
177072
200465
173743
241250
164982
192163
140524
254502
172565
220202
197860
207428
201928
183072
155478
160574
94654
256157
200861
178744
233223
168666
185516
213800
115683
127010
214988
238203
194193
180262
290763
229118
126965
199144
194340
216043
235402
133367
226454
209550
236790
157423
163702
159508
206477
213808
247860
244865
192631
198736
233054
343324
210664
228731
183259
254281
230135
146073
73936
211976
160724
217564
233448
210202
229194
196392
172497
236679
274546
239494
259980
169421
265301
117725
233520
170912
165559
214002
196460
240124
216366
239461
220818
236610
136605
165142
206599
189598
141686
192336
166817
221492
166576
223568
183927
169462
157979
184307
199681
199510
253633
137306
210541
183918
221356
159172
191754
193431
217377
171233
231473
201316
232456
194213
202450
178239
253242
148685
203128
197028
225235
238174
275715
179778
196657
173666
157318
186152
169406
250343
213390
122429
132645
167439
252145
217682
190729
231395
78736
142622
225733
166450
204995
215827
123996
236008
236055
238994
177767
184718
165703
197254
294608
199485
223240
133860
144961
213032
204248
246574
143346
181128
199045
198420
212763
225254
209327
212661
223033
272751
199076
190696
127455
189306
183813
213465
227079
228335
159350
249908
227402
225178
200944
220699
209723
172172
271618
290317
280442
235092
200618
216173
230123
191354
234325
214407
210538
262504
244004
129461
175949
242264
246620
262841
255952
204457
136273
214714
169566
200918
148682
224828
150427
220749
173030
236182
218017
180693
234995
160100
211105
260591
175145
230773
237795
209755
196548
136333
229494
204887
240849
179191
193673
256149
156932
187025
190409
263133
173412
203844
181668
244378
207347
223874
189666
175209
153202
207884
185367
205187
212683
124917
229653
196911
211722
206328
263284
123432
246423
264722
290590
195169
201813
189852
273322
149311
173571
141033
159794
248655
209080
152547
241421
226723
250309
195457
189970
149162
166166
145003
185671
206954
223314
194819
228029
203012
258848
160920
132448
265482
210959
212766
133414
185726
226131
74265
202504
200420
243999
217543
190483
156475
162696
242154
174479
153300
280497
144922
240293
192700
207328
169805
270349
163197
210759
213912
155376
142126
194657
161715
214158
202278
212348
164925
90007
175367
210172
191611
249863
205271
271823
175911
196926
167785
181587
191709
156389
159415
234055
219095
144343
169473
213797
297262
239612
156812
205191
254539
233614
227343
207952
160186
266380
219932
206131
181615
226144
192555
109205
263434
203180
185817
180923
251605
199916
228693
160909
186260
221985
210372
234554
193108
270217
227824
165967
133703
140269
158057
286054
209968
185308
262261
149667
124269
182958
267478
206436
229194
161924
171573
206118
158653
193780
143232
155490
173621
189454
202460
250238
186559
150117
145066
224272
116946
256015
247524
177562
208315
192200
273600
191609
188202
256000
196019
194451
274432
228326
197583
275004
264613
227695
203005
211130
196326
161075
272130
180100
181025
151687
224980
192967
183904
208455
149956
220689
263047
243646
226189
205760
249849
231196
148560
292664
157145
169715
184264
266208
256787
242652
96427
147114
251168
221315
167058
203441
178729
256002
171568
240781
200064
154201
199793
160781
269640
269820
288586
240001
227962
264916
154819
166874
232120
274174
249248
211729
139330
232979
176327
135668
165593
195604
200213
256423
271144
115462
209038
218110
161188
170982
173688
254631
206305
182977
158014
262129
191065
213577
178943
210608
92173
182474
190490
212311
211756
224212
216599
236350
176191
192549
204083
120939
283736
202764
182458
206494
203368
212451
206546
193642
145227
173353
173500
233673
195431
193199
162275
248962
186521
175558
144459
207423
315151
253509
176082
220480
151828
195769
197751
247766
215799
229352
169203
128830
146797
174072
196947
190229
251880
172793
90907
245062
217262
120031
140630
157354
254704
206502
171938
142951
212695
127298
146059
163718
132785
195237
196866
283622
116869
222099
160930
176814
206291
239874
203483
208376
280812
196124
175710
156967
139285
152762
193456
242040
279391
207302
254956
218271
170715
205323
232926
224476
159072
176004
143897
209831
320864
208325
177563
226000
237795
140736
221174
178176
190033
226750
203499
171580
113304
136159
222765
256199
164538
186684
237340
223157
188667
214775
187192
178214
174338
193555
153152
224341
156640
172880
178055
202747
166313
215525
179039
218975
192963
194217
224699
187904
237814
265810
250349
229094
169443
216828
183822
205509
186534
202537
249952
265411
179797
199205
180333
188399
200933
234482
185871
258440
208396
210063
255631
183700
220288
154310
241933
187843
155010
222023
146457
222626
211780
212474
147754
208468
319705
211677
131404
201563
251172
180137
291471
193669
211771
180779
185545
199677
212040
180189
248513
265767
222246
229877
179792
133068
214608
200310
233384
191150
189046
177069
186672
145317
174912
198669
227606
198858
201954
250370
265755
243788
249848
158657
235739
248174
212678
204281
204684
238254
253189
217150
155507
197552
208597
197225
175082
216283
182463
220286
175167
205988
201200
182631
177494
227198
190985
170444
214645
212548
189921
230541
199058
205233
241755
158579
232803
248364
225985
204695
219987
203047
204095
228196
185244
150600
216745
184990
213886
236824
157340
246438
178312
206157
230857
156209
250333
196225
215826
252614
220681
252817
154506
162631
188773
288442
93937
253298
177783
177858
207509
221684
168610
179042
223151
185029
220284
193287
210175
231642
230635
132895
233643
215303
192236
167591
170871
176222
279574
165873
154105
158434
198733
207733
235368
289642
141638
245648
216639
215098
126884
183155
181686
180250
189276
181420
194031
162671
189655
160780
120733
248732
188412
232182
214247
195999
244344
209373
217702
210480
169631
205120
201380
153776
207164
154110
123164
258980
205288
241942
182173
157569
208230
187684
167706
225748
232135
267476
164272
145540
176806
215917
135587
233163
212920
241693
219380
210768
214728
208692
185072
251432
236728
195232
233527
168624
152755
164889
161047
227333
169551
247343
265077
244793
253926
146532
200684
184597
161744
206151
240244
197858
128959
225329
173454
168271
140147
211279
238446
249266
150550
164855
244174
236645
205401
280620
182179
270429
249583
185967
153021
222776
197781
268360
90679
284287
174002
194061
196353
147771
205930
180170
227366
236570
226602
247980
150628
137046
211807
191422
191378
219131
192832
124622
199206
260336
252413
124793
251059
105541
218890
154314
171434
183649
203204
141582
198226
191731
205100
207015
113974
221537
163404
195623
225745
272820
329099
283537
200863
168022
122123
245854
292160
197334
145650
189623
201511
158017
170196
187459
198390
214199
223283
181019
208686
213313
258146
122723
242229
249469
242257
118049
164459
179401
201956
215341
196045
157495
218159
218167
178701
182697
213090
210808
251620
212183
244058
200773
196583
203098
183724
105320
167384
235910
238780
156836
184127
239924
209109
186731
264669
184769
189571
223315
262516
221513
186074
195057
178023
190385
232778
192378
194299
256107
140808
228607
245663
152224
243619
173757
192422
171745
183271
151097
262640
208426
231751
119158
151765
198990
179881
243473
242308
180591
195131
218426
138523
210793
140965
193359
194127
227663
143736
165744
221152
187336
138478
241861
215712
191470
197674
216004
191219
192368
193982
97428
175859
199265
242629
253158
196527
213766
271086
217810
166970
190884
253182
243702
248651
216029
177537
199892
165921
249089
133399
243458
163284
198895
210664
181909
235642
144036
165904
112526
255269
207782
265565
130535
200168
207653
177856
184950
230314
247021
163780
209553
146572
245135
196244
229278
196962
273548
225403
157315
156754
196070
212551
246387
181884
273259
148878
259387
222797
195924
188096
269262
224094
186216
227661
146996
123612
175230
261711
175044
161496
141752
200483
153586
176254
203897
188197
194846
199779
195729
185957
168725
192798
161251
169968
117738
192030
216823
233680
194783
223524
245729
176095
221892
231284
154539
181418
181489
200393
194689
202122
211302
223985
160079
190213
127924
198340
207723
172204
273238
190475
149457
282428
217644
228338
175607
143894
252521
139412
157846
227939
107469
236632
141285
166493
184438
188892
230031
187552
157612
161592
252629
220526
207911
235739
266784
218565
208134
189179
208056
208744
213485
247488
175432
191454
177186
177895
232347
242106
137021
230350
183131
183727
229055
216126
135208
215966
187300
188788
240847
154767
175417
214829
203185
213189
190604
225419
125167
130387
121536
188500
193354
253792
158927
154638
192822
151885
171553
265665
230436
228707
203555
180461
187853
124957
191503
257853
217782
181537
207944
243730
238507
214049
190193
201040
233675
172172
219883
200933
169409
205881
205284
242049
139885
171818
148478
299380
216927
258308
199318
267173
220867
170437
253329
216787
175872
145524
151976
181963
290492
219451
221105
241631
242064
188331
178382
235540
242332
201924
182645
179222
240397
251962
180553
202663
192818
186782
136107
221227
184482
255983
182176
193629
132422
201618
194271
277908
202487
186174
172335
228723
130639
213645
224737
206326
189113
285702
186626
156444
222791
234386
186807
214737
187327
266863
184320
185831
223837
147471
245768
256962
203614
204390
246256
224334
226825
260717
243601
173464
280205
242855
162149
237993
219706
159818
214552
180232
160877
303526
168341
234214
218144
96716
171342
118335
172934
170470
259523
241457
159002
241884
198970
227076
185435
257903
154896
188958
216271
189532
130961
215530
218837
211531
221672
248556
172756
230152
201139
296595
256100
180503
270882
149785
244461
256753
234627
208375
207420
196720
232039
211793
193601
250441
187158
246033
273913
156239
195663
157765
182282
168302
222532
136263
150037
107031
191526
243694
185212
239196
241060
252165
162412
225519
225971
183591
262054
244730
261482
196189
238871
176132
174134
200403
223893
230703
171193
203512
205114
282194
230502
264914
245384
229865
173180
258613
170322
205160
135633
186498
258829
197057
138989
209723
168300
223403
256577
234378
107785
176665
211814
223781
124360
226219
173842
147725
189013
186612
224575
146097
183018
209319
195871
201220
183070
176206
239982
261442
198393
185986
271965
227978
158556
185026
214682
175885
230857
189730
244759
256654
264480
265496
241385
230408
244957
237672
124831
169092
210058
178982
152112
199865
205923
180322
271664
222565
160228
160793
165050
197015
224452
162426
134806
183940
173488
176422
167374
148273
193487
173379
217206
210414
232544
192514
139803
143714
242721
238291
198572
175803
211813
219545
175153
193582
164358
171533
210328
250555
187535
194092
188017
137763
188317
193219
270195
195603
288464
185292
135740
263052
152712
182038
210409
231384
182898
200955
195629
200025
175609
231783
211887
168735
94966
118434
266418
241166
257554
166632
240140
178320
255384
209867
192391
162379
253993
204008
234730
161393
167841
248042
179402
240606
156438
222767
134039
154611
172022
223312
243570
186063
201330
242156
190925
282995
237026
170324
220129
267898
262653
285727
185324
193283
218965
186745
191746
255364
209940
198243
230033
239861
180866
200097
157953
176926
185838
271099
208877
246724
194013
203906
250217
169562
171891
228713
220570
256486
118341
242483
212025
180457
183139
125840
168872
229026
302142
183494
197871
319394
222021
227313
236063
174616
166868
176513
207720
133043
152593
222995
254981
235902
247667
127767
195859
219513
160507
183259
242313
225584
175697
243590
152671
195678
151027
167811
186538
80804
198064
177698
236872
193701
194993
174588
233820
251329
182307
146376
219012
197269
202556
209954
202887
219622
243662
199904
226577
148047
210845
197921
219656
184776
183085
224629
222453
136690
210472
134583
247901
241761
158072
222728
188909
141168
250906
253666
140164
266685
228708
187413
174274
200770
220029
190355
218387
234268
207979
212869
168580
192429
193927
249216
192255
164285
218965
215335
244886
222638
196464
179942
229728
181013
238893
215366
174522
199713
198601
181066
278196
202392
215697
200894
230975
227128
245403
162264
207370
216957
170844
210210
241239
222303
210529
199790
241575
201859
219936
187408
229089
191259
169789
162861
174945
120869
199292
277994
194464
107343
171238
207118
208990
220477
192049
196827
246551
209920
256603
180552
177298
225065
216368
215765
198843
188664
207035
165607
171575
196346
180521
183500
224225
150121
265694
199767
168676
225691
187760
229554
193463
138342
176131
183755
236305
252648
203130
151312
220396
272863
135956
269864
209777
202089
119954
206578
205117
175547
195489
230645
250400
219255
253043
171463
270057
198741
252799
190767
125392
188188
258768
193643
143543
212863
217741
250733
171986
184522
164020
206918
187401
229276
167820
187377
180160
198223
294458
215337
214882
234812
278346
302206
130207
237071
212689
145460
108338
211853
238872
271680
197601
193078
196774
186988
169717
213094
211612
155930
258792
159772
211028
232048
229281
219293
186366
253064
149945
238655
167225
153291
261999
206426
153381
259201
253056
189914
255588
243351
153355
255080
165281
168354
246477
183578
197761
183080
213504
222481
119969
153142
124134
218907
207940
110852
294869
219806
223399
267084
111353
254805
156729
220727
263282
177263
169471
182169
181339
207862
243487
180216
177019
208828
236672
159703
218238
180878
189601
235170
196755
288931
166484
177220
274115
190271
202402
203238
219128
193317
209550
254565
183942
161999
177551
162316
294403
230195
258785
198804
195774
166531
222817
168543
224373
157698
222153
205349
193443
228103
161032
174471
215907
176136
203824
101254
190498
163308
209990
193077
164947
164649
187571
221172
179619
191618
169032
165849
189090
152217
226941
163556
248825
179697
250457
209577
123360
184683
176992
278400
148045
190784
196141
203757
205746
171221
272111
156788
213485
202612
171933
268655
217499
206350
206263
244326
271840
189922
203003
191969
161894
195009
206323
226853
183874
227605
221744
233203
247932
186791
224911
280099
183013
220847
209199
218691
229192
212189
235712
239878
199709
187691
142827
206699
171679
198763
188329
173679
205587
209974
202474
173615
136516
236532
121741
98255
173734
244873
229550
222093
255065
222860
155123
176760
201270
202278
109087
183029
201311
216345
124357
192928
119839
157573
181567
219000
200353
148100
228190
162082
152015
209044
202758
227486
235344
216544
181868
246539
119861
145946
141076
156835
148936
214350
150698
217234
194600
151654
195066
212034
223733
182429
174825
204295
186947
188204
267103
198194
227223
168677
150796
210175
211261
214573
239934
227432
161546
200329
201289
173955
260942
232210
220335
213518
274677
152477
225184
188985
219773
227679
95015
184705
227023
196107
145649
205353
171995
279925
183835
249336
113482
148754
227549
120406
159383
232643
252431
246202
210382
215447
215972
230044
238164
308290
184186
219770
157754
174243
156389
188336
158188
280199
211043
242495
178041
219587
210994
188590
166758
251790
199662
244281
161222
262264
254639
222808
223062
225446
209057
238792
94495
165319
149269
202070
222719
169545
265353
196764
67569
123396
162925
269843
171771
210627
202410
158073
171317
230806
191979
227145
183190
199324
203067
186471
161581
255169
242975
200068
229157
178673
307370
192348
197090
211091
168258
130311
220374
135231
188164
188291
123384
226992
216025
182396
230323
166891
220433
197535
234301
201286
269843
206250
207308
226631
165883
192677
190617
204495
115793
175940
210262
198706
203615
218775
253085
344697
142804
236594
172254
221880
201927
225311
191650
147199
206816
182032
174492
151047
228627
176973
166897
198984
199484
198679
215368
142889
279593
175828
199004
227899
215951
266122
243945
233767
222850
180597
191939
213479
234415
253432
242543
210275
199881
260294
192149
200171
249674
216512
229032
221149
239876
229134
261691
204651
208935
239898
253451
177517
202528
158380
205104
200163
180241
226473
168120
225667
160435
204996
197706
240139
143298
94723
173735
172495
226235
206194
185542
157077
222083
214374
293213
329598
202123
206967
132440
115353
208156
202195
196542
185353
200096
220791
180007
249664
152541
179255
264317
229154
255414
300502
192940
203927
212978
184830
213014
149299
174279
250335
231595
150732
264255
191068
208713
198092
179814
219924
172903
215253
141839
231773
194309
168342
211302
200759
199933
169451
234236
213642
190649
181874
171890
213163
192232
200797
247521
266951
233105
189314
166411
169405
211311
158929
243710
150511
172485
209558
165169
218587
173867
253769
225459
224750
239351
256451
217226
281418
205396
236453
171320
225177
152581
198447
174136
237620
180962
245300
212490
206321
189141
243932
225527
232067
215654
211579
159176
274841
195497
209636
151355
233173
249912
239221
230080
202964
295233
233992
187486
245555
188921
252263
122117
135625
153386
124916
177328
125691
141602
245635
136763
116400
191134
220146
226881
253131
139062
253231
184348
237103
284143
112156
306820
152251
159705
272403
243263
187423
237696
161044
124730
193129
111293
226573
196937
183318
204218
245387
56984
197412
161838
158486
196798
180671
327961
212345
186506
310316
163816
235754
182761
123779
206102
230544
235043
246752
187014
211671
215455
151166
170593
167525
181156
246897
210588
270430
230363
168406
262177
164106
150371
211927
130716
175489
137816
207102
142556
242621
180076
216288
219504
262199
132890
153847
194346
118361
233427
158715
141997
218639
196878
238330
176472
191780
171655
258994
254813
196525
158318
250201
199156
221578
122007
237742
145005
239252
129463
275774
192692
248577
180125
150858
201237
224114
228367
211550
255930
189648
209856
235597
148066
215286
191941
199526
211865
163902
242098
199304
210110
199140
152940
224961
201519
270741
236516
155683
222558
304632
198364
190668
262393
243115
234869
248656
265813
138037
236370
292210
127068
188400
226984
209190
225852
285294
271918
217407
266220
251894
265478
221322
179498
247554
209493
209952
198130
167568
183188
209903
158277
174325
186473
220841
160829
195377
227733
181062
229095
112861
189970
268617
173039
218954
193345
164335
134740
222286
201964
184578
159476
140870
180344
175309
168324
193953
205230
210372
164643
236733
198542
240978
110613
133388
162427
191285
205968
212863
128992
195393
206261
166769
231682
205427
175104
200763
189516
274170
226215
202867
276732
185071
228226
189751
270443
214424
199722
182005
202618
210162
220756
154810
200934
169989
251976
193259
222198
198572
168452
157772
265377
138999
236105
141927
196028
195663
138495
186131
192527
246124
222561
270002
199958
145328
179047
245319
166332
211912
199949
256237
204868
121365
227951
182379
187407
179920
127283
240352
171334
208364
246139
166616
181631
157254
237413
251580
300677
197220
246664
198229
71888
241584
141627
210394
111849
257414
203587
183776
213939
147906
197496
210110
241834
183150
126918
228392
311161
163941
189805
213008
217699
180936
193004
247641
200133
176544
197440
244937
166588
224646
177021
198466
229125
204785
164190
224923
179542
172123
205364
193353
123827
169592
155703
177443
301906
188148
199197
159512
192914
151692
215800
236664
192197
213720
205943
214934
197595
215741
173778
171655
211644
166287
188257
290782
245264
263513
267742
221120
174333
302898
209097
197023
202266
186796
228621
192997
250686
268942
204500
207422
213384
228879
123121
180562
171340
159949
229720
216741
179124
254954
221585
160227
251399
173161
201198
218326
141565
210019
228726
230677
217402
166254
193774
220937
207334
242096
253795
214788
188092
295299
147013
180308
300480
264914
150613
202881
181652
184894
287778
152586
217570
221962
188761
235477
235576
205013
184542
191578
208897
175545
219111
195177
258785
176082
284441
211630
186503
172136
324182
183229
163567
136693
153852
197124
206417
214381
158574
148515
197226
306117
195000
223655
205599
185010
160793
194899
206168
143236
199743
234158
174340
214283
213581
207488
172613
155596
162332
174740
237270
174226
163514
103956
181176
204287
179648
176500
244444
200541
167765
203690
286908
204984
196993
231611
169787
224845
200981
155098
213873
240942
194968
222758
223420
259623
197150
205848
182457
240683
198350
198963
208352
252352
279332
266936
187497
196493
85847
215242
314068
180005
209391
176914
173296
121779
199008
200461
166588
270959
225429
144930
213863
151711
230065
167711
226673
210524
126533
208297
175238
265608
194194
295003
189034
178388
196594
191832
173412
149579
205135
205552
192934
247423
244448
185809
184505
198172
199102
267028
172992
221740
182474
149895
191936
214927
156151
180232
156501
195510
188814
188422
238033
232544
208243
182201
189950
237385
247297
267803
102187
254574
264910
182851
240299
181700
166731
250118
139609
181566
255412
200169
158345
265420
146078
231383
121485
271542
224694
181908
215306
224545
173364
140667
206841
166578
207326
210751
213614
168627
186529
153463
182610
182726
226292
239702
212099
229494
225733
234300
266940
205305
243486
240887
186248
283032
133445
167813
214377
192652
159413
113002
226592
188538
237442
240377
173460
233533
166514
232268
240863
112238
114783
205450
217791
111830
248393
249638
216736
216042
219446
248218
212133
232171
185388
280510
249831
183348
238954
186943
203772
210934
234885
177922
148702
185841
183092
178152
204429
227862
154311
204373
200467
244911
268547
209997
173579
243956
226231
257053
190087
206527
173710
245867
138104
244270
216198
237543
278156
266096
258055
200286
178815
156637
182090
217998
188895
185916
190471
126992
147157
224691
131433
86773
168655
226619
196821
193009
131575
260459
237091
202711
242922
173518
205595
157204
132114
173308
187358
201707
226675
156501
277018
245161
160898
183303
97238
151865
202904
162410
193676
84275
116222
248900
210150
163644
230538
216442
176172
216711
138351
215860
181777
212052
210859
197240
201918
206320
201479
233265
205583
211812
221807
144719
183253
263281
217177
205084
165377
242875
206497
245295
124885
175011
221949
222358
185711
146519
216739
204385
217036
280292
166563
215467
179546
151006
153901
157454
143829
186219
219544
208715
251607
182773
203302
199927
221345
279352
218788
224083
261581
268903
191056
205644
153463
240207
200669
179699
216323
189613
227293
199862
230728
245953
149815
211492
196618
226263
161218
217843
139995
198379
172272
216528
174126
173610
125773
113641
205552
154542
223929
164603
270415
141726
230202
241777
279226
241951
216584
266119
194936
317333
235735
233519
138600
211237
167588
190016
156169
186983
113967
272167
176585
181253
257503
207613
240489
217430
179453
207990
203156
243328
195516
85252
193727
173319
164338
212774
201089
204021
237702
206230
247184
77580
257183
160149
171520
160797
163423
240816
177905
170646
177364
212705
237426
153384
202030
211111
192932
228630
217483
211550
186477
193709
196720
181679
274139
227669
221053
173726
163731
179155
158596
174983
193014
220399
181720
228670
238005
233961
148515
252809
164395
209753
221880
207065
249916
265185
165939
193160
247229
220029
215754
154752
207858
197063
245970
166875
276260
224472
201527
155839
223741
217722
186593
187916
160744
193127
249021
141130
187930
203176
259972
182550
255951
225971
155979
231265
189254
210085
215274
116647
228293
193230
211825
238162
252341
296906
223979
194600
158707
137445
221234
155161
192094
253967
215931
154644
164910
233427
215528
149482
159488
195616
178745
255977
167736
131614
151035
194099
212329
171589
155984
195588
167703
171433
213727
213193
177579
225173
164142
149147
141514
205645
225074
209183
251011
212044
201440
150751
224326
214938
142258
189891
212166
151445
229260
224102
229824
201949
151780
206536
174704
191075
196165
180057
197996
207499
205210
183134
151070
107457
249505
181511
161733
158107
141365
212374
228576
160027
169809
251071
167216
135260
178358
133477
196170
220193
188424
168351
179159
111995
143720
156570
138173
153118
144960
233062
196497
255659
169497
152261
174310
230949
148263
154257
184498
158956
115543
149975
243899
186805
250693
168348
230269
139759
152974
236076
237342
87661
192231
225198
201514
212292
182951
197188
210105
128397
229635
155787
196879
314975
210024
199645
198399
141350
178769
180645
182135
190143
173605
193164
242000
222222
148749
179732
139154
132812
256117
172665
217920
194498
239142
218905
175158
238784
141920
204086
208218
136960
159897
183971
227067
179265
216482
223437
246902
157998
172684
135374
133296
164259
197731
207752
191058
225257
242945
211340
204341
215783
140146
171301
204043
244472
182808
234465
220767
193384
235145
145134
203981
156086
208377
160220
246067
166838
200767
160214
243779
142400
191120
130430
251822
267166
178305
142974
258279
211411
192541
220819
224876
249439
238834
207300
181316
222351
130582
241276
205960
204631
247260
163737
198307
191968
173211
213412
156004
237222
211919
221550
275882
184094
263971
235761
160651
178115
208460
252374
221230
218921
219888
236351
188700
215276
208167
209927
183225
196751
178106
237265
80426
160060
125677
214060
191358
223753
264560
155056
157050
210944
162194
224704
156338
208760
181109
230179
157930
184698
197436
224890
148876
199604
153520
237969
182820
219654
150788
165894
145237
263738
140227
152774
193414
162459
175751
214256
184230
254681
175572
158595
154074
209245
156083
253934
210023
224296
231118
230762
118778
159396
269410
195078
103603
185073
176204
139651
170022
264504
255579
171139
254593
224532
221831
209189
185666
256027
262605
246413
185102
159811
121553
208136
153080
224219
154955
115170
219487
129922
148790
203594
197763
249182
280875
249429
214655
233598
209077
210825
223852
158569
323109
259807
170246
206214
128979
216136
186926
268822
206755
164839
195177
253626
207801
230929
290879
190376
247312
229189
203329
169008
212767
266686
181485
218970
264180
217056
173905
197358
187657
102657
221661
221845
250479
201162
144824
197484
218104
193881
184467
152181
229717
117286
192820
203217
195995
104887
130575
158270
145875
163861
174871
155185
208369
237071
228710
113862
113524
204314
190345
205833
206313
260586
162954
232320
218419
213033
216390
201136
130497
126142
216416
328005
237480
290554
172094
231859
254035
200391
281172
159864
155183
186694
194994
206987
237547
105351
134127
176461
233308
194356
202786
207651
219081
179565
232913
210369
225944
174999
265604
185135
196227
134081
192828
214112
187572
209164
179966
160788
158648
201904
260450
186329
146428
211156
258286
243729
256260
187622
182733
152236
285999
173724
206826
202555
202753
187302
191360
191759
200557
190617
140086
210782
168319
223700
280930
102610
151097
254459
196777
167156
281980
162207
191049
147794
201316
185347
249620
240526
197816
208942
210482
171786
185683
189544
210404
174595
136308
176893
130555
159169
196051
180287
206288
258092
150003
125810
148971
237057
187902
149188
186534
272626
161153
227847
182276
159051
242601
220413
153005
215990
113413
218476
236567
169458
225943
184695
247827
226622
232976
239200
246591
146840
184133
164177
286730
211809
300497
239882
187559
234824
195027
252321
123839
223186
180102
161934
180584
124907
209267
164937
212532
177146
192963
196050
182404
240383
227392
234430
192865
225556
201224
158983
187153
162630
200232
189820
222553
277942
133471
183054
229593
227338
130828
210604
264338
179737
133161
173407
192137
188130
171252
235542
232442
328899
271306
166983
153757
218360
190321
217248
204853
141984
218724
217142
154296
197350
249604
